777 EPISTOLARUM 111ss» ΧΠ. 1551.. · 777

7777717777 77777 77777 71777777 117777 777777, 777 7777777 71777, 17777777 777717777777 7777177777 777777 717·
777711777777777717777777777777777777777 77777. §Die 777771777117717777777777 7777777 777 17717
77777777777777777771777. 7777 7771777 77 7777 77171171, 77717777 777 777777 7777777777, um 717 77777 777777
...- , 77717777. 71777 777 777777 7777 7777171177. mie (7717771777

107717777 717177 77777177 m 77177777 677777 777 717777 717777 777 7777717777 7771777117777 777771777777777777 77777 77

- ffiffffifflffi“ztffi‘b‘ffifl‘mffiss”gfff effi amb 777777 77777171, - 717177177777171177777177 7171777777

77. m 777 mm, ,7. {Q anu-unt 777, W 77777, 7777717777 77777777 bet 7771771777 77777777 7777777771, -Ι-
. 0070777 771 0770 7070 77 “mm 007 0 07 770077 '’mmm'‘ 77777 7771777777177777ιῧ17777777771777777777717777717777

1¹3mm?ffiffflff‘ffl'sffiw22¹2?ss ’77777 Quem 777 7171771177 ν7777777777777 &ie 7711777 aud) 77777

. ἓξ a fflffifne {m 7ξῦῗῇ m 32221311‘33 777803οἕ unffi 717771777771777717 7717777717177177777777777777777
777777 777 77777777 7777, 7777 77777777, 777 777 777 sut 77777 7777177771777117770777771777 77777077 »en

7 77177777777777777777777777777777777’7777777777777777· 77 auf 7777 7177771777 77 7777777777 im 517777 1722 77777777

-737 77777 7 7777 7777 7777, 777 777 7777 mam ⁸⁸0¹ 7717771 777 777 771777 77777171 777 117177777777 717 77717

m 117317 stit„ {mgb offitflffi‘ 33 ¹:13 mm& 7177777771771 777 777 7777777177 77777 7777777777 77117 ’7.

77777777 777 77 77777777 777777, 7777 777 777 7777777 6777777777777777777777707777717771177717 01⁶

7731οιοὲι 710111177ὦῖ bom επ {zm {fftgflassssgvgassb‘gf mg 777 7777777777 77777777 77 77777717 fid> 7777 177777777777717

777777, 71771 7777 777 7777717777 7717777. 1177 7777 7777 7777 7777777777 77777 Θ(77777777777777777 ”nb 77777 7777777 7777777777 777·

777777 77777. 77777777777777717 mr 07 077 &mmm 77 mm 7 0

777 777 7777 7777777 777777, 777 77777 177777 7777777 m 77 77777777) 7773777175277177787777777771777. 777

777 777777. Ι3177 777 7717771117 7717 7771 117177177177 77777 7777777 mog 77777777 77777117 77777777777 17117777777771111 7711711 sstief
:31⁶2ffi‘.321„3‘?;¹‘3„‘¹;¹353122222223332‘2222225232 121ss- 1⁵⁵³· 7777777 (vu 77777. 1773.)

fletu 7777 777777 7117717177 777 77771771 7777771771, 7777 7117

777 7777777777 um 1777777717777 77 771177, 7771771777 -,-.,.,,,.-,....,..,..,.....-...................
7777777ἱὶ7171717711771777171171771111 η
7777 7777717, 7777777, 7711717777 711717777777777171777, 7177.47867777. 1· 177777.
*77777777ἓ77* &tm 7777777777777777777 7777 ”··““ ” “““

7771717777, 717 7177777717 7777711771 777777. 77777ἱιὲ17ἐ77 Α. (Mandro.
ἓῖ77777177ι77717777717717ῗὲ7ὴ777777777777777ἶ 771777771ῑῖ77777177- big ᾗ Eg 'pognpbo ἰη cod. Goth: 188. tp. ⁴!- -. Epissqh
7777711 fid) 7777777177 71. 1777 777777 7777771 6171777717, 7077717077 nunc primum in 7777777 77777771, sed 7777177 adlecta 777717
777 nott 77 Β777717177 7177 177 7777771717, 777 777 77711777 im „2 . Pml. ,7 cml. 7777, uun, Ρ.. n. ρ,- 777,

Mn 777717717771717, uod) 771777 777 777 7711777 77177.

7777111177 nun 771 7777777 777777 7171177777 uno 777117, - --·--·
717 7777 777 7717, 777 71777 77777 7777117177 7717117 7777 77717 .. ,,
Ῑ777777 77711777 77177777, 7777717777 777 7771177 777 num ’7770707 70770 770 777107 730077οῐ777 7777 77771777 77777 777777
77777, - (7177777717 777 711777 777 6777171177) 777) 77771777 1177 7 Β. 17 717777 emm 07 7710 00100 377777777771717
77777, 77. 71117 177 777 7777 71717, 771777, 777717771177 777777 877177 77777

7777 &a 7777 77 111 7771777777 771777 17771711, 777 7777777777, „mm 7777 oon ῧι7777777, 7777777 7777 777777 711117 717

177171777707777171677111 70 70707 7701 700777 7000771007 71777 77777 7711777, 171777117771171777777711171, 7777177717
7070770 0770 “hnm- 8771777777777 77707177 7777710710 777 7771177777 7777777 7777177 7717777717 7717777777, 77717177
7117177777 77 77, 77 771171 777 777777 7777 7777 171711, 777 7777777777 aud, 77 77717, 777 77 71777 7777777777 71717771777
77777 7777777771777077707770777770700717077· 7770777707 717717777777771717777. 17771177 7777 777 7777777771777 711177,
7777 &meh 177 7777771177 7717 717777 717777 6711117717 71777 m 77 777 777777 Momm 77777 7777 7777777 777117 7777, 777
7777773777 77077 77777 0777707071077077707 7701707 577777 77717 777 71777777 7777177 771777, 7777177 77177777 7777177ιῖ,
ΙΙ(37777717717777 777 7777717 717777 77777777 77 71117 171) 77777 777717711771717777777777777 ‘ssmfflffinfflssff‘tnessssass‘enn'uffiqffof
furtum 0777167777 gm‘ffltaeo'fffifm ⁸⁸2¹?ssss ζῇ §.a 777ὂ77177717771177, 777717 177 777 7777171177 777777 777717
77 7777, 777777 ut 77 7777777 711 777117 777 7717773·

77777777 77777777, 77777 77171717 7777777 6771777777 ’7 77777 Μ, „M 777777 777 {⁰¹an 7777777777, 'mm‘
εσυ - 7717οτ17υο-ῑ717777777τυ7771, 77717 ‘f 7707· „mann 7777 777 77777777 777777 7777 777 7777777 777777

vm 17 777 17 77701777 munna 771 eutr 6777777 71777 777 77777 777777 777, 777 77777 77777777 7777 77777 77 7777
7777 7771177 1777777, 7177777 7777 7771177177 7777177777, 77177 orm 777 7771, 7777 717 377777 7777777 77177777 7777777717
ίιίιω 71171777ί 6717717177771π7ἅ77ι777ἳ77117ὢ7ῐ7777ᾓ gram bn? ἐς 717177777777ὲ7ἓ71777ὣ71ι71771777717ὒ7ἷ171η7ἶ771ὧ7ἷὲ7ἔοἐ7ῄ7777ὧ7ξ
7177ῑ777777ξο 7777777701ὲ 77Ξ777Ι 77ιωῗίΰιὶ777777ῖ77 7ηὲἪῖ 12?ss Ξα 7777777777ᾟῖ7 7777737777175717717771 ³⁸1} 0:ngss :2⁸⁵ ’77 71ἔὲ
7770719777 7777777701ὃ07707711771777717777ι 7771077717 7077777 777771777777777777 ’17777771717777 7777777 ’7777 777777 7777777077
7777 71777771 7777 77 (777777 71777 7777777777 7771177. 77710770 1777717777 777 117777 777 67771777, aad> 77 7777777777 a
7777 7777 777 777 7177717 77771717 7777 771777 7717771717 117777.” 7777777777 77777 177777, 7777177 7717 nu 7777777 77717777 &tv

(7777777777777 7777777777, 777 77 77777777 7777777777 777777171777717777 771177, mn 717 (7777771777 77177ι

777 7777 1777777777711777 (1777777777 7777771177 71177771) 7777 7777 3777 777 77177717 7777 17777377777 7777 1177 7777713·

 

