15 EPISTOLARUM 111111 XI. mo. 46

111111 11111111 11111 1111111111, 1111 111111 nicht 11111111 11111 111111 1111 111 11111111 1111111111 nott 1111111111)
1111,1111111)1111111111111111), 111111111111111 1111 1111111111, aud) 11111111111111111111111111111 11111
1111111111, 1111111111111111111111111111111[11111111], 1111119111) 111111 11111111. tmen. ,

1111111 111111 1111 1191111111 [11111] 111 1111111 1111 a ca-

11111111 ecclesia 1191111111, 111111111111111111111 111111111311111111 1111 11111 11111111 111
loge 111, 1111 11111111 111 1111111111 11111 1111111 1111111, 11 bet &techtfettigung ¹).

11111111111111111111) 1191111111, 11111111111111111111111 'mmm in bidem wel »ἰή ΘΜ magt with!

mit m'mng “afflffwffl‘ , 1111111111ίί11) aud) 11111111 11111111 1111111111 111111 1111111111
31111 &abetost ), 111 11111111 111111 1111111111 Quid> 1191111111, 1111111111) autb 11111111 11111, hab
111, 1111111111111191111111111 111111 1111111111*ῑὸ 11111 1111111111, 1111 61111111111111111119111111111111911
1111111111) 111111 111611111111111 11111111ιά11 111111. [merben], un„ „umbem mom [ansssam' Μ &law
11111, 1111 1111 1111111 1111111119 111111111111111111 vers mg amabat [with] ΜΒ Μ &taum [ο πω), mmet!
1111111 ”¹¹⁰ [111]111111111111111111111(1111111) 1111 111, 11111, 111 in 11111 111111111111191111 1111191
9111111111 1111111111 1111111111 11911111 [111111];11111 bap &mm „ab &maguus [m „nb ste nid„ mmmm,
111 1111111111 311111 111111 111 1111111111 11111111 11191- 911οά11 1111111, 1111111111111111111111111111 1111111111
11111111 11111, 11111111 11111 111111111111111111111111911 meabat md) unm {m ‘3¹¹¹ 505ss5 „nmmum
1111Ἥ1111111 1111111111111111111 ¹⁰ ⁰²¹⁶ 1111111 11111119111111111111 [111111], nub [1111] 111 11111111
1111111 11111111111111111111111, fut 111 1111111) 11111111 msam Quum ΝΜ ¹¹¹ ‘thom' „nb 1111111111Ξ
11111111111111[111111 Ι 11111111 11111111 111111, 111 111111 9111111111 1111111111 11111,
311111 6111111111 1111111111 fid) 11111111 111111 11191111 11111 1111111 1111111111 1111111111 11111 111111, 1111111111 ,1111111
11111 1111111 ,1111 1111 111Ι 1111111111 1111111111 111, aad> 1111111118111111,111111119111111,
1111 1111 11111111 11111111, 111 111 111111 1111111111 11111111111111111111111)11111111111111111111111
1111111111”)· 11111111), 11111 1111111111) 1119111111, 1111111111 1111111111
3111111111, 111 111111 1111111111 111111 11111111, 111111 111111 111111 111111 111111 111111, 1111 11111111 111111 solz
1111 1111111111 11111, 111 gang 1111111111). 13111 11111111 geu 11111111111111111111111 11111 1111111111111111111191
“ 11111111 11111 111111111111, 111111 111111 11111111119111111, 11111111111111111111, 11111111 1111111111111911, 11111
1111 111 1111911111 111 11111111 11111 111 moute 111111 eud) menige 1111111111 11111111, 11111 11111 11111111111111111 ein=
11111 1111111911 11111111. 9111111111 11111 1111111111111 6111111119 111111111111911,
811111 1111111111, 11111111111111111 111 1111111111 1111111) 11’)1111.111111111111111111111 1111 1111 1111111111
11111111 11111 11111111, fo 11111 membrana) gemam 111111111111911111111119111111111,1111111111
11111111,111111111111111.11111111111111111111 1111 111111 11111111 1111111 11111 1111111911111 1111, 11 111111 111111
11111111, 1111111111, 1111111111 11 1111111111, 1111111 1111111 111 1111111111 1111111111 1111 [1 1· 11 11111111 11111 111
11111111 1111111111 11111111. 111111111911111 bag δι, &ng (1191111111 1111111111111111 11111111 1111111, 11111 1111
11111, 11111111111111111, 11911111111111111 1111 11111 111 11111 1111111111 111 1111111111) 1111111111, 11111111) nicht
1111111 bet 1111111111 gangem 111 111 1111111111) aava 1111111111911111111111111111111, 1111111 11111111
1111111111) flu 1111111111. 1111 1111111111 111 1111111111 11111 11111111 9111111111. 151111111191111111911111111
,11111111111111111111111[11],111111111111111, 111, 11111111 1111111111, 11111111111111111111111 ᾗ
1119111111,11111111111)11111111>,1111111111ηεί1191, 111111, oud) 1111111111 im 11111) 1119111, 11111111) 11111111
1111111111, 11111111111111. 81111 11111111, 1111 11111 1111111 [1111111111
91111111, 1111111111ῑί111 1111111111 9111111111, 111 111 111111 111111111111111111111111111111, 111 111
11111111 1111111111, 111111 11111 111111 1111111111, unt> 11111111111111111111111111111111111111111[111],111111 11 ’
11111111 1111111111 111 1111111111 1111111111) aad) 11111111111Θ11111) proprie 1111111 1111111
1111111111111111111111, 1111111111111111111, 1111111111, iustificare impium, 1111111Ε11111191111111 '
1111 1111111111, 111111 111 111111111111111111. mi, 11111111, 111111, 111ῦ111111119111111111111111111111 111
8111119111 1111111111) 1111111111 [11111111 1111111 11111 -

..ιι-*ι-

1

, 1) flue 11 omit, qun aquantur, 111111 odit. Mnssdeb.
11111111. 111 m 1111111111, «ιι ‚amum 11111111. 1.. 111111·

„)'ffn“⁰¹‘¹.·„⁸‘¹'!⁵¹¹²,⁰· Η . Ι 1111111111111111111ἵ1111.
'⁹ ⁸· δ’ ''¹¹'' 11111 1111111111 111 unq. 1111111111 111. 8111111111 11111111. 11111.

 

